-34.546056 -34.088721 -34.469309 -34.835911 -35.090606 -34.601507 -34.733918 -34.799027 -33.520019 -34.306861 -34.225566 -33.699904 -33.094658 -31.045256 -28.320103 -22.253987
-34.130691 -34.455830 -34.426919 -34.578311 -34.764902 -34.816474 -34.605927 -34.815884 -34.646883 -34.690490 -34.429742 -33.825585 -32.846845 -31.095012 -26.225219 -22.798564
-34.767004 -33.496795 -34.891503 -34.791669 -34.804169 -34.811556 -34.601538 -34.618217 -34.641829 -34.514353 -34.306363 -33.669333 -33.491008 -31.130425 -27.420833 -22.742186
-34.329479 -34.464195 -34.889190 -34.497751 -34.795006 -34.350013 -34.982197 -34.561149 -34.610824 -33.675515 -34.371031 -33.666438 -32.739216 -30.903209 -27.935183 -22.403919
-33.868245 -34.861272 -34.736867 -34.363501 -34.803594 -34.616254 -34.791373 -34.640356 -34.674924 -34.408920 -33.903086 -33.116327 -32.959220 -31.098275 -25.967127 -22.853153
-34.542746 -34.441499 -34.878352 -34.548466 -34.825480 -34.714115 -33.972858 -34.668797 -34.034150 -34.022632 -34.141283 -33.259404 -32.767717 -30.522144 -27.327381 -22.894253
-34.372304 -34.735785 -33.945803 -34.634986 -34.589754 -34.771679 -34.168527 -34.460463 -34.522964 -34.262842 -33.680651 -33.639648 -32.437990 -30.707144 -27.231865 -21.092551
-34.093986 -34.386140 -34.426557 -34.596648 -34.448464 -34.505188 -34.491876 -34.172344 -34.164658 -34.134241 -33.999257 -33.403865 -32.464908 -30.388218 -26.676534 -21.529656
-33.920693 -34.119311 -34.315893 -33.952862 -34.433496 -34.314900 -34.406593 -34.013515 -34.292544 -34.051991 -33.288174 -33.247926 -31.984931 -30.382841 -26.666983 -22.323071
-34.008189 -34.351033 -34.139958 -33.884536 -34.274100 -34.060466 -34.496360 -34.208722 -33.766550 -33.240859 -33.780208 -32.874725 -31.723696 -29.937154 -26.215816 -20.779294
-32.950700 -33.726866 -33.727548 -34.092414 -33.357776 -34.014371 -33.940731 -32.976131 -33.862967 -33.585865 -33.174687 -32.195787 -31.386091 -28.913747 -26.675211 -22.647872
-33.326874 -33.802713 -33.310762 -33.934783 -33.653347 -33.644700 -33.219404 -33.438636 -33.709785 -33.109893 -32.467732 -31.650698 -30.894667 -27.898231 -25.877523 -21.639501
-32.979458 -33.214344 -33.100973 -33.261368 -32.655252 -32.761473 -32.849204 -33.071534 -32.571894 -32.192190 -32.250392 -31.161662 -30.204772 -28.823887 -25.185557 -20.143685
-32.179706 -31.672020 -32.490570 -32.050543 -32.535617 -32.317016 -32.449960 -31.706884 -32.171426 -31.293752 -30.902953 -30.599270 -29.001373 -28.225137 -24.825255 -20.039311
-31.067765 -31.646856 -31.785669 -31.476701 -31.538169 -31.622624 -30.937403 -30.345018 -31.017536 -30.174957 -30.326699 -29.653779 -28.663181 -25.711318 -23.178153 -19.416170
-30.024456 -29.384382 -30.427404 -30.398285 -30.096527 -29.859860 -29.452090 -29.726409 -28.509611 -29.925354 -29.221975 -27.622130 -27.139035 -25.155252 -23.451903 -20.064524
-29.089545 -28.539866 -29.179713 -27.736098 -29.011778 -28.710538 -28.451996 -28.807037 -28.622180 -28.532374 -27.721519 -27.625038 -26.368959 -23.950501 -21.069517 -20.376525
-27.720022 -27.420428 -27.261808 -27.231517 -26.721374 -27.596166 -27.083534 -26.649749 -27.403023 -26.819098 -26.545112 -25.524712 -24.990472 -22.585557 -20.837116 -18.171416
-26.473780 -25.558434 -26.005824 -25.394737 -24.978772 -25.757343 -26.423471 -25.791143 -25.413820 -23.813657 -24.834771 -24.609955 -23.580112 -21.860196 -20.304091 -17.946289
-23.077023 -23.435587 -24.412903 -24.020944 -24.514167 -24.680053 -23.684963 -24.065000 -24.079306 -23.340652 -23.897962 -23.571145 -22.466539 -20.971620 -18.357504 -17.443217
-22.768000 -23.392137 -22.960136 -22.275488 -22.402567 -22.857973 -23.053859 -22.685029 -22.686048 -22.349759 -21.853170 -21.157489 -21.579998 -19.846550 -18.867531 -16.938123
