-33.651389 -33.682789 -33.692543 -33.667474 -33.619919 -33.525582 -33.373039 -33.141667 -32.801552 -32.321335 -31.663486 -30.805628 -29.736404 -28.463396 -27.011245 -25.416782
-33.619612 -33.641035 -33.652215 -33.622266 -33.567446 -33.465020 -33.306926 -33.067064 -32.720838 -32.234404 -31.576962 -30.722008 -29.660587 -28.397720 -26.959556 -25.377552
-33.572890 -33.592831 -33.594850 -33.562358 -33.495258 -33.383620 -33.218713 -32.967968 -32.610576 -32.122694 -31.464047 -30.614894 -29.563103 -28.315299 -26.893161 -25.327308
-33.499041 -33.519287 -33.504485 -33.468769 -33.399851 -33.275736 -33.095576 -32.836076 -32.473050 -31.976067 -31.320030 -30.478359 -29.440130 -28.210498 -26.808963 -25.262805
-33.390409 -33.408786 -33.384168 -33.341368 -33.254226 -33.122454 -32.931236 -32.662534 -32.292505 -31.791429 -31.137292 -30.304631 -29.284532 -28.078207 -26.701964 -25.181216
-33.240154 -33.238707 -33.212772 -33.153910 -33.061454 -32.914035 -32.713249 -32.432154 -32.055994 -31.554159 -30.902814 -30.086507 -29.087567 -27.911202 -26.566626 -25.078203
-33.010147 -33.001083 -32.964396 -32.898871 -32.788257 -32.635605 -32.422355 -32.130898 -31.748931 -31.248817 -30.609120 -29.811879 -28.844447 -27.703006 -26.397966 -24.948297
-32.690088 -32.665297 -32.622379 -32.543287 -32.425944 -32.260223 -32.037942 -31.742908 -31.359770 -30.867181 -30.243247 -29.473378 -28.540862 -27.444754 -26.188265 -24.786206
-32.235194 -32.206090 -32.149271 -32.066340 -31.939409 -31.769819 -31.545562 -31.251515 -30.872996 -30.393930 -29.794669 -29.058730 -28.171647 -27.128701 -25.930426 -24.585136
-31.631294 -31.602713 -31.537081 -31.446089 -31.316401 -31.146773 -30.924763 -30.638803 -30.273882 -29.817578 -29.251658 -28.559211 -27.727648 -26.746728 -25.615894 -24.338378
-30.870220 -30.831386 -30.766906 -30.675193 -30.548558 -30.386839 -30.171061 -29.901130 -29.560139 -29.134173 -28.608836 -27.968747 -27.201115 -26.291643 -25.238094 -24.038578
-29.949489 -29.909624 -29.847717 -29.758790 -29.641142 -29.486680 -29.291225 -29.042539 -28.730373 -28.343496 -27.866375 -27.286327 -26.588503 -25.759635 -24.791776 -23.680672
-28.896623 -28.856837 -28.798964 -28.718951 -28.611940 -28.473508 -28.297819 -28.076999 -27.798860 -27.455559 -27.032050 -26.516509 -25.893022 -25.150130 -24.274286 -23.258540
-27.741773 -27.708586 -27.657642 -27.587554 -27.493053 -27.371466 -27.219684 -27.027924 -26.785790 -26.488044 -26.119573 -25.669363 -25.122542 -24.465911 -23.686120 -22.771630
-26.537793 -26.505421 -26.459840 -26.398219 -26.318241 -26.215946 -26.085805 -25.922608 -25.716801 -25.461870 -25.147290 -24.759733 -24.287216 -23.716710 -23.032410 -22.221135
-25.307216 -25.279035 -25.242017 -25.189201 -25.121825 -25.036559 -24.927244 -24.789486 -24.616654 -24.402441 -24.135920 -23.807846 -23.404688 -22.914299 -22.321717 -21.611675
-24.087667 -24.064560 -24.031896 -23.988937 -23.932851 -23.860787 -23.770440 -23.655705 -23.511702 -23.332602 -23.108744 -22.832762 -22.491994 -22.074928 -21.567059 -20.953243
-22.901987 -22.881867 -22.854566 -22.818275 -22.772137 -22.712129 -22.637324 -22.541440 -22.421875 -22.272339 -22.085672 -21.854246 -21.568018 -21.215235 -20.783604 -20.257113
-21.764392 -21.747491 -21.725101 -21.695211 -21.656880 -21.606366 -21.543722 -21.464315 -21.364649 -21.239770 -21.083677 -20.890183 -20.649505 -20.352244 -19.986011 -19.537660
-20.686866 -20.671654 -20.654070 -20.628586 -20.595694 -20.554370 -20.501857 -20.435542 -20.351963 -20.246905 -20.116253 -19.953632 -19.751188 -19.500161 -19.190430 -18.808830
-19.674622 -19.662093 -19.646522 -19.624798 -19.597529 -19.562160 -19.518227 -19.462378 -19.391913 -19.303507 -19.193551 -19.055775 -18.884673 -18.672004 -18.409147 -18.084523
