-35.332433 -35.475547 -35.304950 -35.340137 -35.379110 -35.340483 -35.387166 -35.189866 -35.134598 -34.817272 -34.637872 -33.846658 -32.688902 -31.297590 -28.876613 -25.599883
-35.297746 -35.287094 -35.239945 -35.521558 -35.331457 -35.188714 -35.271520 -35.207859 -35.027457 -34.954586 -34.633370 -34.092458 -32.594445 -28.731612 -29.446998 -25.954682
-35.227857 -35.380409 -35.330878 -35.320745 -35.387326 -35.279784 -35.096905 -35.351399 -34.999867 -34.844292 -34.336205 -33.814345 -33.237671 -31.313631 -26.919998 -21.505660
-35.133141 -35.207377 -35.143003 -35.318531 -35.253852 -35.194465 -35.301418 -34.911167 -34.980728 -34.529069 -34.180465 -33.356321 -32.391972 -31.066633 -27.883875 -19.079927
-35.116699 -35.260074 -35.271426 -35.359220 -35.311085 -35.275953 -35.075559 -34.938860 -34.930472 -34.464514 -34.447936 -33.600074 -32.394918 -31.429167 -27.530698 -21.020923
-35.086892 -35.155072 -34.995290 -35.099847 -35.164949 -35.201051 -35.053796 -34.919993 -34.648240 -34.348794 -34.269903 -33.064573 -32.061153 -30.518340 -27.695841 -17.997680
-34.875258 -35.048216 -35.029470 -35.039975 -34.988735 -34.943030 -35.009542 -34.550608 -34.747453 -34.583714 -33.686880 -33.528101 -31.757359 -30.530565 -28.369899 -24.235813
-34.902596 -34.922731 -34.932933 -34.933916 -34.855937 -34.620824 -34.798731 -34.571023 -34.633668 -34.290199 -33.323862 -33.235706 -32.068280 -29.868962 -28.805146 -20.830828
-34.582316 -34.680430 -34.752339 -34.706698 -34.846764 -34.222004 -34.722764 -34.409492 -34.119839 -34.143438 -32.967369 -32.987560 -32.153264 -27.024487 -27.555025 -25.481708
-34.304150 -34.245404 -34.455677 -34.158906 -34.295167 -34.496697 -34.001568 -33.832774 -33.780302 -33.784650 -33.243048 -32.790849 -31.770311 -30.181306 -25.883684 -25.236430
-33.904826 -34.289924 -34.174343 -34.140242 -34.026749 -34.213462 -33.951119 -33.764398 -33.426347 -32.981443 -32.557910 -32.206843 -30.362062 -29.672264 -27.102569 -21.994568
-33.515756 -33.979491 -33.487971 -33.568231 -33.391460 -33.794706 -33.472197 -33.464999 -32.498957 -32.470582 -32.394200 -31.539972 -30.418599 -28.358882 -26.659261 -23.943346
-32.767843 -32.789491 -32.598603 -33.211168 -33.017809 -32.932780 -31.983750 -32.715713 -31.981341 -31.851093 -31.642777 -30.853674 -29.517497 -27.633818 -26.343464 -23.736941
-32.068325 -32.219520 -32.603595 -31.806266 -32.178524 -31.691738 -31.831091 -31.286095 -31.320534 -31.048389 -30.864334 -29.733925 -28.295211 -26.396792 -26.117411 -21.236426
-30.303646 -31.279022 -31.213036 -29.790300 -31.497367 -31.087611 -30.589310 -30.311318 -30.851226 -29.580949 -28.109404 -29.086459 -27.524943 -26.396661 -22.052849 -19.699588
-29.536234 -30.226490 -30.725680 -28.182351 -29.582843 -29.864648 -28.905307 -29.170737 -28.276135 -28.521404 -27.912740 -28.264705 -26.028829 -22.507025 -24.779277 -19.210372
-28.203101 -27.448184 -28.218342 -27.197725 -28.483815 -28.004266 -27.800923 -27.036355 -27.474710 -25.073497 -26.860231 -26.231923 -25.194736 -22.223395 -23.090952 -18.396498
-25.270386 -27.348810 -27.451188 -27.076324 -26.939320 -26.376177 -26.096972 -26.388050 -26.140538 -25.491003 -25.535484 -25.372992 -23.518019 -22.454748 -18.118087 -12.958158
-25.403331 -25.699448 -24.120002 -23.956548 -24.731737 -24.591372 -24.996222 -24.212573 -24.428614 -23.122256 -23.222063 -22.961554 -21.523077 -20.824393 -20.453064 -17.553088
-22.406294 -23.191765 -24.103373 -21.746802 -19.539737 -19.564705 -20.193817 -23.070716 -20.327201 -20.688264 -21.836215 -21.986560 -18.774807 -19.662819 -20.005608 -18.441908
-16.071717 -19.457659 -17.488365 -17.463549 -20.126997 -21.293621 -20.370648 -18.343503 -21.475809 -20.759005 -20.774324 -17.497561 -13.745580 -19.779688 -16.238155 -14.698223
