-40.843891 -40.571931 -40.127727 -39.548581 -38.623953 -37.691368 -36.474890 -35.237761 -33.772588 -32.213515 -30.587522 -28.884521 -27.130053 -25.314979 -23.510693 -21.759857
-40.112895 -40.013893 -39.620537 -38.885946 -38.131641 -37.144230 -36.095127 -34.901823 -33.495710 -31.990134 -30.395254 -28.736102 -27.018809 -25.248777 -23.450767 -21.720807
-39.535677 -39.384766 -38.850702 -38.107173 -37.433865 -36.619486 -35.627657 -34.402135 -33.145122 -31.698329 -30.165689 -28.553574 -26.876276 -25.141928 -23.374003 -21.670534
-38.730453 -38.441302 -37.920576 -37.373979 -36.773940 -35.999854 -35.064023 -33.994342 -32.649747 -31.347328 -29.877358 -28.323964 -26.695097 -24.989956 -23.277389 -21.606574
-37.667087 -37.556409 -37.044151 -36.561657 -35.969192 -35.247326 -34.296518 -33.321922 -32.148152 -30.913207 -29.525070 -28.041190 -26.450123 -24.822833 -23.155434 -21.525744
-36.599723 -36.358924 -36.014363 -35.458146 -34.930089 -34.279327 -33.429762 -32.612038 -31.539321 -30.353086 -29.056579 -27.665701 -26.198723 -24.628891 -23.004669 -21.431657
-35.329921 -35.125567 -34.813901 -34.416837 -33.941632 -33.291294 -32.543988 -31.751578 -30.783311 -29.743505 -28.544359 -27.247046 -25.863524 -24.372627 -22.817106 -21.307485
-33.903557 -33.686807 -33.434363 -33.025470 -32.694663 -32.124074 -31.530862 -30.826135 -29.970634 -29.034250 -27.946665 -26.747273 -25.442566 -24.044942 -22.589182 -21.154024
-32.285535 -32.243890 -31.976821 -31.695426 -31.347230 -30.866009 -30.412407 -29.766529 -29.053288 -28.194399 -27.249573 -26.163900 -24.966808 -23.671715 -22.321884 -20.969652
-30.795135 -30.687310 -30.508162 -30.275230 -29.945277 -29.593944 -29.159505 -28.614599 -28.007279 -27.291027 -26.457951 -25.489930 -24.411749 -23.240699 -21.994724 -20.749038
-29.226580 -29.135261 -28.960149 -28.771105 -28.557640 -28.238590 -27.878024 -27.427294 -26.913304 -26.298594 -25.577044 -24.731856 -23.777175 -22.733957 -21.615728 -20.493113
-27.652076 -27.525841 -27.403533 -27.252966 -27.065499 -26.827874 -26.534150 -26.160890 -25.749091 -25.218564 -24.610744 -23.896427 -23.071612 -22.166124 -21.190743 -20.206038
-26.047288 -25.965950 -25.889961 -25.749866 -25.596724 -25.408289 -25.172552 -24.895152 -24.543861 -24.110770 -23.601205 -23.008088 -22.323009 -21.550619 -20.723378 -19.885180
-24.529006 -24.471862 -24.392390 -24.305215 -24.174031 -24.023301 -23.836645 -23.604958 -23.323911 -22.984553 -22.581465 -22.095609 -21.538560 -20.907413 -20.237074 -19.539585
-23.090495 -23.037666 -22.986094 -22.910585 -22.814044 -22.699830 -22.549704 -22.373009 -22.159008 -21.888868 -21.572524 -21.199090 -20.764497 -20.276267 -19.744160 -19.182900
-21.766758 -21.733417 -21.688472 -21.634483 -21.565223 -21.477311 -21.370468 -21.236292 -21.073888 -20.876907 -20.643004 -20.362767 -20.040783 -19.673320 -19.264516 -18.829907
-20.624291 -20.599531 -20.569701 -20.528300 -20.478823 -20.419137 -20.342731 -20.248862 -20.133796 -19.993919 -19.826345 -19.625753 -19.391042 -19.121010 -18.818285 -18.492548
-19.691763 -19.674226 -19.651091 -19.625400 -19.592473 -19.549651 -19.497008 -19.432827 -19.352200 -19.255063 -19.137987 -18.997096 -18.830417 -18.638585 -18.422471 -18.180226
-18.956362 -18.942524 -18.927837 -18.908614 -18.887411 -18.858399 -18.822244 -18.779458 -18.725933 -18.659177 -18.580197 -18.484875 -18.370315 -18.234307 -18.080201 -17.904611
-18.392839 -18.386364 -18.376751 -18.365005 -18.351947 -18.330197 -18.306639 -18.277062 -18.239912 -18.194941 -18.141958 -18.075057 -17.996850 -17.902723 -17.791545 -17.542484
-17.811948 -17.968041 -17.960638 -17.955342 -17.943914 -17.930964 -17.913557 -17.894065 -17.868379 -17.695971 -17.663471 -17.622371 -17.573652 -17.510741 -17.410992 -17.213058
