-42.262664 -41.616909 -42.265676 -42.095134 -41.510143 -41.453188 -42.658816 -41.323762 -40.182654 -38.692083 -38.081327 -36.010429 -33.737041 -30.051239 -27.558537 -23.496219
-41.785679 -41.186211 -39.610289 -42.354301 -42.397077 -40.460329 -42.310007 -40.129626 -39.191150 -38.909277 -38.653807 -36.362266 -32.758481 -25.298462 -28.135051 -23.736793
-42.349123 -39.642737 -42.020296 -41.020018 -41.758978 -41.291949 -40.895531 -41.606679 -39.287546 -38.823539 -37.478388 -34.967799 -34.579996 -30.254169 -25.023757 -18.702013
-42.172631 -41.480162 -40.796982 -42.329441 -42.052590 -41.595082 -40.840563 -38.303205 -40.184890 -39.021297 -37.283480 -33.084395 -33.197111 -30.617335 -26.649508 -17.228086
-40.890936 -42.034724 -41.292734 -41.176278 -40.785018 -40.755017 -40.371100 -38.856170 -38.866075 -37.553971 -38.457067 -35.494386 -32.238267 -30.765723 -25.047806 -18.466486
-41.295968 -41.096124 -38.788286 -41.156478 -40.145192 -40.716727 -39.209125 -40.287648 -37.636816 -37.378380 -36.779287 -33.832718 -32.742515 -29.983690 -25.997696 -16.775997
-40.905638 -40.044984 -40.828694 -40.353643 -39.967248 -39.902825 -39.404330 -37.899984 -38.669662 -37.173053 -34.650077 -34.932321 -30.905457 -27.579965 -27.649935 -21.174309
-39.845834 -40.309870 -39.728119 -39.832537 -38.768998 -38.352342 -39.268127 -38.648030 -38.554094 -37.049131 -34.614498 -33.365730 -31.236074 -28.542756 -27.532575 -18.285412
-38.614417 -38.830064 -39.228845 -38.607734 -39.358156 -38.139791 -39.380851 -38.938874 -36.870568 -37.538160 -33.424005 -34.050203 -30.822768 -23.828992 -25.950139 -24.502859
-37.590586 -36.921167 -37.891880 -36.618562 -37.164411 -38.307388 -36.998193 -35.284055 -35.589611 -34.929979 -35.149215 -33.251869 -32.055031 -29.224022 -23.192902 -24.069506
-36.705222 -36.893799 -37.890926 -36.673191 -36.440524 -37.550932 -35.187870 -36.290193 -34.166610 -32.649125 -33.552216 -31.835179 -29.531770 -28.943177 -26.707553 -19.997797
-34.981095 -36.646631 -35.679957 -35.039984 -34.320693 -35.748963 -34.867548 -35.509361 -33.337821 -32.276639 -32.648803 -31.531556 -29.989429 -25.823593 -25.585847 -22.713642
-33.504292 -33.987159 -33.906042 -34.143160 -33.777127 -33.714253 -31.857024 -33.562089 -31.729430 -31.114828 -31.540710 -29.710259 -28.345661 -25.503609 -25.335138 -21.983296
-32.684413 -33.134787 -34.101805 -31.924398 -32.778367 -31.981998 -32.671066 -31.661425 -30.702660 -30.794544 -31.139624 -28.788963 -26.449960 -23.900242 -24.996219 -18.125188
-29.244881 -31.951001 -30.968496 -26.092013 -31.866326 -31.213478 -28.936987 -29.765737 -30.966278 -29.017151 -26.309197 -28.176249 -24.971714 -25.042871 -19.235721 -18.419580
-28.428742 -29.668415 -31.137082 -26.309047 -28.813516 -29.382250 -27.657399 -26.426896 -27.773555 -27.931595 -26.227221 -27.282067 -24.378602 -19.547372 -24.625813 -17.368858
-27.949270 -25.906447 -27.002971 -24.487997 -27.614217 -25.583474 -26.721245 -25.479714 -27.090086 -22.149850 -25.723454 -24.402719 -23.678314 -19.614053 -22.999614 -17.049176
-22.045874 -26.880963 -26.990842 -26.231055 -26.329591 -24.940702 -26.192694 -24.667229 -24.793975 -23.339006 -25.154136 -25.457333 -22.551661 -19.701652 -16.237134 -14.053573
-25.043414 -25.402237 -20.153490 -21.385034 -24.387208 -23.674354 -23.966552 -23.101038 -21.927424 -21.545918 -21.583015 -21.671276 -20.199093 -19.081803 -18.533984 -16.147040
-20.071105 -21.129158 -24.644431 -19.633097 -16.913748 -17.856455 -17.815082 -22.200724 -17.588378 -18.872801 -19.955814 -21.675966 -18.264341 -18.438914 -19.679990 -18.403097
-16.454792 -17.593514 -16.897979 -16.744974 -19.279768 -18.779169 -18.298233 -17.631351 -20.079302 -19.707303 -20.565653 -16.544069 -14.344197 -19.537174 -17.011408 -14.484395
