-38.618636 -38.192835 -36.151908 -39.093535 -39.583112 -39.516840 -38.690811 -39.208993 -37.025260 -38.416705 -35.418717 -34.364907 -32.835703 -30.471006 -26.871321 -20.848187
-38.453053 -38.713744 -37.912786 -39.487052 -38.537152 -37.974811 -38.915453 -38.877582 -38.196023 -38.157358 -37.166163 -35.761400 -33.168380 -30.189188 -24.120586 -21.129301
-40.060456 -36.528912 -39.454375 -38.622999 -39.040908 -39.889073 -39.214102 -37.589077 -38.081850 -37.800204 -35.515068 -35.236389 -33.603469 -30.471429 -25.846521 -21.021748
-38.434894 -37.749532 -39.356430 -38.452952 -38.349737 -37.060660 -38.397530 -37.458550 -37.484945 -34.547734 -36.833126 -35.253221 -33.000109 -30.255435 -26.277272 -20.891319
-37.281924 -40.070609 -38.937689 -38.513535 -38.282282 -37.962152 -37.150219 -37.475728 -37.160448 -37.819649 -36.612482 -33.839590 -33.002921 -29.649008 -24.109397 -21.202460
-38.678675 -37.077625 -37.906338 -37.145188 -38.804064 -38.424996 -36.494511 -37.927410 -36.707262 -36.333321 -36.030514 -34.376015 -32.827597 -29.634730 -25.876894 -21.281961
-37.801220 -38.393557 -37.632510 -39.101561 -37.771910 -38.810438 -37.628070 -36.176725 -37.617274 -36.885916 -36.135978 -34.129580 -31.963708 -29.584858 -25.364605 -19.825003
-37.872336 -37.911185 -38.080223 -38.020031 -38.328135 -36.672607 -38.200092 -37.263850 -36.643940 -36.792388 -35.508229 -33.899032 -32.038016 -29.163421 -24.934506 -20.000505
-37.395300 -37.118157 -36.618755 -35.767266 -37.408481 -35.872180 -37.403774 -36.812625 -36.308862 -35.463183 -35.065751 -33.367846 -31.980930 -29.059843 -25.049444 -20.629433
-37.084465 -36.971954 -36.610008 -36.018970 -37.639623 -37.230240 -37.297418 -35.996480 -35.822460 -35.584661 -34.952688 -33.671002 -31.379259 -29.082273 -24.658557 -19.641475
-35.261970 -36.633890 -36.294820 -36.609693 -35.385434 -35.267175 -35.447728 -34.257692 -35.092079 -34.407064 -33.611453 -32.670059 -30.735451 -27.526477 -24.850251 -20.910186
-34.994605 -36.124617 -35.427746 -35.924370 -34.716406 -34.697899 -34.859351 -34.420052 -34.460992 -32.923728 -32.527829 -31.771923 -30.011492 -26.290149 -24.184126 -20.293385
-34.332727 -33.617323 -34.603547 -34.061339 -33.772972 -33.730752 -34.180157 -32.538158 -32.832708 -31.828665 -31.673239 -31.239901 -29.392981 -27.369088 -23.380100 -19.379679
-32.616862 -32.151606 -33.006215 -32.740806 -33.018173 -33.152907 -32.549673 -31.880752 -32.524151 -30.946486 -30.869649 -30.097425 -27.946780 -26.560362 -23.111598 -19.209435
-30.948158 -31.834815 -32.019131 -31.648982 -31.942251 -31.699295 -31.175269 -30.959717 -30.479980 -30.345594 -29.227129 -28.774774 -27.867236 -24.793434 -21.799159 -18.756674
-30.225527 -29.952625 -30.690479 -30.340141 -30.032954 -29.905010 -29.595373 -28.974986 -29.315043 -29.526824 -28.547797 -27.524776 -26.210048 -23.756815 -22.042072 -19.344107
-28.613997 -29.337250 -29.511447 -28.817222 -28.982180 -28.649386 -28.119131 -28.359851 -28.393851 -28.043865 -27.105957 -26.665486 -25.635570 -22.569753 -20.609316 -19.547183
-27.886902 -27.288499 -26.571977 -27.767153 -27.136916 -27.633783 -27.059266 -27.561253 -26.758039 -26.529242 -25.951216 -25.283312 -24.388430 -21.619623 -20.209795 -18.434895
-26.367716 -26.141032 -26.126677 -25.437057 -23.475971 -26.117331 -25.653701 -26.227601 -25.768631 -24.625993 -24.295527 -24.128296 -22.851646 -21.820392 -19.009462 -18.371834
-24.866880 -24.805562 -24.749643 -24.732625 -24.647640 -24.588864 -24.543382 -24.536911 -23.986336 -23.992731 -24.157864 -23.153441 -21.541807 -20.736707 -18.593080 -17.848999
-21.748892 -23.429741 -22.553414 -23.229290 -22.591470 -23.176710 -22.904778 -22.754930 -22.809872 -22.768577 -21.866487 -21.060125 -21.736700 -19.165504 -19.581612 -17.766164
