42.282558 41.641041 42.282101 42.116562 41.523609 41.467762 42.677071 41.338848 40.198769 38.698509 38.095402 36.013615 33.741718 30.059525 27.556238 23.411177
41.800720 41.201057 39.630177 42.385235 42.411922 40.474777 42.327175 40.155827 39.203178 38.921963 38.662209 36.372780 32.764294 25.296782 28.134811 23.672089
42.364540 39.657787 42.035225 41.041302 41.780926 41.317059 40.901291 41.629642 39.300228 38.836773 37.486794 34.972759 34.587826 30.252792 24.988262 17.298643
42.186111 41.499786 40.808010 42.347458 42.070869 41.607353 40.861568 38.318298 40.196053 39.023865 37.292133 33.095280 33.200035 30.623247 26.606850 14.440931
40.914188 42.060047 41.305714 41.195217 40.804195 40.765678 40.373856 38.873539 38.879089 37.566269 38.477867 35.501419 32.241589 30.770472 25.029858 16.694244
41.317677 41.113235 38.806721 41.166298 40.165344 40.735725 39.221729 40.303467 37.650330 37.387142 36.787418 33.833916 32.745117 29.986074 25.968025 12.426883
40.911480 40.061878 40.842590 40.366653 39.981930 39.925098 39.424080 37.915920 38.680138 37.193554 34.655579 34.936672 30.904913 27.574055 27.647915 20.812366
39.859055 40.324738 39.763214 39.851192 38.781197 38.370888 39.284855 38.660889 38.568417 37.058304 34.626205 33.367943 31.246435 28.536373 27.531214 16.339943
38.631062 38.838215 39.238342 38.620792 39.366344 38.147686 39.396774 38.939247 36.876560 37.549213 33.425423 34.057800 30.824118 23.791656 25.942772 24.477970
37.598225 36.934608 37.904366 36.633720 37.171299 38.328453 37.007866 35.294140 35.599522 34.936882 35.154854 33.258507 32.061951 29.223650 23.115185 24.027147
36.718376 36.910442 37.905788 36.680138 36.454407 37.570621 35.196941 36.303772 34.179367 32.655918 33.563000 31.839382 29.536911 28.945946 26.698799 19.361036
34.996670 36.657806 35.685009 35.048279 34.325371 35.748695 34.879395 35.512424 33.357159 32.282597 32.656536 31.532297 29.995546 25.811253 25.574078 22.584059
33.511673 33.998264 33.911556 34.167690 33.785629 33.731815 31.868729 33.571770 31.741505 31.120413 31.545183 29.714985 28.356327 25.489681 25.313280 21.748545
32.689968 33.140846 34.105503 31.938667 32.785812 31.990555 32.680199 31.664906 30.710371 30.801102 31.144550 28.787109 26.443913 23.851608 24.975456 16.014065
29.249475 31.960392 30.970016 26.092926 31.877363 31.219936 28.940409 29.767788 30.970688 29.022009 26.299809 28.171961 24.974094 25.021748 18.156666 16.742336
28.430145 29.670771 31.142715 26.299707 28.822552 29.386353 27.655764 26.422314 27.775833 27.928698 26.224367 27.278540 24.363903 18.759481 24.595554 15.365227
27.947683 25.894287 26.999910 24.467350 27.616470 25.578022 26.717224 25.450283 27.088110 22.016758 25.716421 24.395348 23.646320 18.749519 22.916775 13.263844
21.922266 26.880241 26.991417 26.223171 26.325165 24.936522 26.187811 24.659866 24.785297 23.306543 25.145369 25.448761 22.456142 18.964350 12.426139 5.621591
25.031729 25.390839 19.576151 21.125544 24.366287 23.642624 23.944387 23.047428 21.716457 21.364777 21.383144 21.501041 19.616440 17.994333 17.005133 10.468602
19.536793 20.869713 24.630709 18.797459 12.500984 15.797190 15.422274 22.097248 14.834880 17.670527 19.335104 21.485573 16.304218 16.768572 18.900393 17.321556
10.941765 14.810596 12.355443 12.403728 18.293242 17.608868 17.003534 14.800154 19.553015 19.025967 20.152184 13.384504 5.626289 18.752903 13.165991 8.497322
