38.630558 38.210419 36.162018 39.113876 39.589912 39.523346 38.705551 39.217834 37.025345 38.430458 35.426067 34.372192 32.835602 30.469517 26.867559 20.361025
38.472221 38.724499 37.918133 39.491550 38.550739 37.996952 38.921455 38.893372 38.207928 38.164783 37.176502 35.764729 33.175900 30.185930 24.013748 20.790916
40.071854 36.541222 39.471344 38.635975 39.053673 39.904064 39.231880 37.598682 38.106667 37.812977 35.522224 35.242359 33.603767 30.469370 25.829357 20.579416
38.456703 37.754883 39.360756 38.467171 38.360287 37.068226 38.409554 37.461933 37.497101 34.564938 36.850536 35.257118 33.006817 30.252853 26.265574 20.456438
37.290184 40.083282 38.959843 38.520901 38.295345 37.972771 37.158905 37.487007 37.164238 37.828506 36.619370 33.846619 33.005852 29.645252 24.009968 20.874712
38.695080 37.082455 37.912231 37.148842 38.814045 38.431671 36.505966 37.938076 36.717506 36.340214 36.037128 34.386932 32.833183 29.630377 25.863779 21.006689
37.811150 38.403976 37.643230 39.111694 37.788078 38.813831 37.648792 36.188633 37.624390 36.883831 36.143562 34.133656 31.968176 29.583557 25.343750 19.047997
37.878998 37.921261 38.088081 38.028290 38.351994 36.700890 38.209064 37.274937 36.661179 36.801208 35.514519 33.909367 32.041405 29.161774 24.916227 19.186026
37.417786 37.130276 36.631348 35.773861 37.414711 35.882671 37.417503 36.817375 36.331608 35.480625 35.073883 33.376099 31.986366 29.063570 25.009911 20.112726
37.103249 36.986824 36.619114 36.031853 37.645626 37.246811 37.305405 36.000057 35.830429 35.595097 34.962738 33.676105 31.384644 29.078892 24.613483 18.755165
35.274498 36.642227 36.298248 36.626183 35.396084 35.278114 35.467667 34.274918 35.101730 34.422516 33.620468 32.678520 30.739906 27.516075 24.821854 20.556650
34.998516 36.132359 35.436462 35.933136 34.727257 34.711338 34.865593 34.427620 34.470673 32.929855 32.535339 31.774441 30.012604 26.265268 24.150642 19.709038
34.338974 33.631298 34.611305 34.075577 33.775555 33.738598 34.190224 32.549225 32.836884 31.834639 31.680466 31.243114 29.392845 27.366745 23.319845 18.291592
32.618259 32.158966 33.015026 32.751976 33.022488 33.158791 32.563396 31.887432 32.530663 30.952730 30.872223 30.100119 27.944891 26.559811 23.026028 18.046360
30.954790 31.841185 32.026947 31.654995 31.948843 31.703871 31.176376 30.965902 30.486155 30.352448 29.229042 28.776339 27.867823 24.761927 21.545551 17.267658
30.230000 29.955738 30.696947 30.346359 30.059347 29.912807 29.601114 28.973616 29.314903 29.528893 28.546745 27.521759 26.201977 23.653011 21.819485 18.252972
28.609846 29.340683 29.514091 28.821251 28.985319 28.650606 28.119766 28.359856 28.395981 28.045631 27.105444 26.664278 25.627556 22.430237 20.055603 18.591654
27.891605 27.288090 26.573389 27.765055 27.134687 27.634666 27.059290 27.561588 26.754078 26.529842 25.945911 25.271130 24.354336 21.354513 19.614687 16.502625
26.366388 26.136223 26.123108 25.429733 23.424141 26.112444 25.647594 26.224451 25.762535 24.605944 24.268322 24.094460 22.758417 21.608618 18.839798 16.486210
24.855831 24.790306 24.737675 24.717327 24.629364 24.574385 24.520100 24.527317 23.958456 23.969793 24.117262 23.078032 21.283159 20.251827 16.854067 15.845288
21.594986 23.385534 22.456572 23.158419 22.498236 23.116142 22.803438 22.673227 22.707474 22.655285 21.660599 20.642334 21.477167 18.944305 18.572374 15.359508
