40.857292 40.584087 40.139465 39.558662 38.633759 37.699997 36.482681 35.245216 33.779369 32.219009 30.591852 28.887274 27.130798 25.310062 23.480196 21.619331
40.126915 40.024330 39.630352 38.895313 38.140083 37.152496 36.102730 34.908314 33.502010 31.995369 30.399490 28.738445 27.019638 25.244104 23.418653 21.575663
39.546841 39.394501 38.861446 38.118279 37.443115 36.627644 35.635025 34.408485 33.151062 31.703684 30.169458 28.556370 26.876671 25.136791 23.339355 21.519547
38.740688 38.450615 37.930588 37.382866 36.782013 36.007561 35.071064 34.000923 32.654747 31.352257 29.881149 28.326262 26.695450 24.983160 23.239450 21.447956
37.676746 37.564465 37.052406 36.569172 35.976357 35.253937 34.303043 33.328403 32.152866 30.917633 29.528690 28.043344 26.449205 24.814661 23.113392 21.357143
36.607075 36.366608 36.021122 35.465355 34.937042 34.285599 33.436066 32.618294 31.544275 30.357075 29.059204 27.666786 26.198112 24.619541 22.956676 21.249590
35.336338 35.132824 34.820793 34.424091 33.948544 33.297726 32.549149 31.756565 30.787477 29.747076 28.546846 27.247612 25.861919 24.360260 22.760254 21.106413
33.909065 33.693100 33.439640 33.030476 32.700111 32.129051 31.535521 30.831203 29.974596 29.037746 27.948725 26.747299 25.438643 24.026949 22.519407 20.927025
32.291008 32.248142 31.981953 31.699657 31.352467 30.870373 30.416874 29.769989 29.056273 28.196476 27.250999 26.162870 24.960136 23.645842 22.233791 20.714527
30.798342 30.691395 30.512428 30.279167 29.948904 29.597662 29.162729 28.616678 28.009098 27.292158 26.457853 25.486816 24.399519 23.202538 21.878368 20.446209
29.229334 29.138462 28.963402 28.774101 28.560879 28.241053 27.880619 27.428598 26.913929 26.298426 25.574759 24.723866 23.754162 22.672672 21.457691 20.125715
27.653908 27.527573 27.404770 27.254608 27.066401 26.828043 26.533943 26.159317 25.747156 25.213900 24.601124 23.876141 23.026476 22.064934 20.972960 19.749874
26.044910 25.963533 25.888708 25.747068 25.593740 25.404299 25.167448 24.888571 24.534369 24.094280 23.573992 22.960722 22.234657 21.384167 20.414106 19.310547
24.518547 24.460535 24.379948 24.292397 24.158697 24.005283 23.814701 23.577797 23.288147 22.935801 22.511108 21.988642 21.370134 20.639505 19.788898 18.807976
23.046169 22.990673 22.937576 22.858772 22.757215 22.636520 22.476986 22.287704 22.057447 21.762020 21.408726 20.981636 20.461674 19.840506 19.106529 18.247755
21.625910 21.589758 21.539145 21.478943 21.401052 21.300976 21.178415 21.023937 20.833796 20.598122 20.309872 19.953829 19.522533 19.000465 18.378006 17.634136
20.285597 20.253716 20.216227 20.166420 20.103413 20.024309 19.926723 19.805058 19.651358 19.458086 19.222296 18.926874 18.575193 18.138580 17.608711 16.969517
19.024267 18.999506 18.965784 18.929445 18.878967 18.812870 18.725445 18.637331 18.514240 18.359493 18.169319 17.927691 17.629860 17.272266 16.826155 16.303017
17.857281 17.833702 17.806452 17.773149 17.735155 17.681702 17.613579 17.532780 17.431438 17.310253 17.150995 16.961197 16.712439 16.420830 16.059875 15.603407
16.763844 16.749641 16.727684 16.700146 16.669323 16.636818 16.577988 16.513260 16.429026 16.324543 16.207151 16.040760 15.843767 15.589952 15.285073 14.864801
15.733067 15.765909 15.746128 15.732614 15.703598 15.668512 15.619051 15.565126 15.496529 15.363980 15.260896 15.131353 14.965954 14.751240 14.407505 14.170757
