-33.170530 -33.206788 -33.216482 -33.198158 -33.153102 -33.073402 -32.941281 -32.735464 -32.427224 -31.989094 -31.380034 -30.575814 -29.557163 -28.329290 -26.914994 -25.347507
-33.150474 -33.171700 -33.177724 -33.161491 -33.108979 -33.022367 -32.880385 -32.665769 -32.352316 -31.909174 -31.299379 -30.495354 -29.484415 -28.265498 -26.863880 -25.308609
-33.107967 -33.129198 -33.129114 -33.102548 -33.043792 -32.949705 -32.798832 -32.576055 -32.256444 -31.805122 -31.194093 -30.393911 -29.390791 -28.185497 -26.798856 -25.259250
-33.047240 -33.063258 -33.054387 -33.024885 -32.954903 -32.851963 -32.689596 -32.457468 -32.125654 -31.670323 -31.058592 -30.263304 -29.272035 -28.083947 -26.716070 -25.195489
-32.953481 -32.964040 -32.945014 -32.907436 -32.831857 -32.713220 -32.541646 -32.298053 -31.957145 -31.496788 -30.884217 -30.097282 -29.121529 -27.954384 -26.611187 -25.115083
-32.815526 -32.811273 -32.793710 -32.740356 -32.656012 -32.527482 -32.344431 -32.087699 -31.739709 -31.272340 -30.665289 -29.889179 -28.932501 -27.791868 -26.478770 -25.013287
-32.610005 -32.600154 -32.570454 -32.505443 -32.408697 -32.271855 -32.074371 -31.810375 -31.456307 -30.987475 -30.386375 -29.626395 -28.695875 -27.589140 -26.312836 -24.885678
-32.314666 -32.297868 -32.253611 -32.182615 -32.076401 -31.924531 -31.720915 -31.448440 -31.092261 -30.628417 -30.036685 -29.301979 -28.402999 -27.336669 -26.106867 -24.725428
-31.895440 -31.873336 -31.822274 -31.744217 -31.627345 -31.471450 -31.261054 -30.986156 -30.633250 -30.178694 -29.607361 -28.901275 -28.044439 -27.028092 -25.852848 -24.527320
-31.340587 -31.307063 -31.253575 -31.162650 -31.045629 -30.886676 -30.677784 -30.408951 -30.063191 -29.628716 -29.086155 -28.417798 -27.611137 -26.653876 -25.543420 -24.282888
-30.620952 -30.586607 -30.524789 -30.439164 -30.321777 -30.166647 -29.962868 -29.705409 -29.380446 -28.970573 -28.464868 -27.845134 -27.096541 -26.207607 -25.171273 -23.987018
-29.752140 -29.709452 -29.652492 -29.568536 -29.454773 -29.307964 -29.119182 -28.880150 -28.580319 -28.206504 -27.744700 -27.180492 -26.497650 -25.684362 -24.731443 -23.632558
-28.738705 -28.699186 -28.644012 -28.566140 -28.463398 -28.331145 -28.161349 -27.946124 -27.677965 -27.342742 -26.930814 -26.426257 -25.814756 -25.083840 -24.220073 -23.215238
-27.622592 -27.590196 -27.535596 -27.469452 -27.378227 -27.260259 -27.112470 -26.924342 -26.689059 -26.396488 -26.036502 -25.594073 -25.056355 -24.409233 -23.638172 -22.732532
-26.444565 -26.413659 -26.367469 -26.307408 -26.228669 -26.128746 -26.000951 -25.840688 -25.639664 -25.389503 -25.079511 -24.698734 -24.232516 -23.668263 -22.990959 -22.186843
-25.236792 -25.208346 -25.171258 -25.119990 -25.053909 -24.969195 -24.861988 -24.725574 -24.556288 -24.344710 -24.081821 -23.758095 -23.359599 -22.873994 -22.286650 -21.581988
-24.034386 -24.011179 -23.979055 -23.936579 -23.880239 -23.809949 -23.719718 -23.607190 -23.464342 -23.287167 -23.065880 -22.793034 -22.455436 -22.041741 -21.537756 -20.927442
-22.859937 -22.840208 -22.813555 -22.777670 -22.732111 -22.672479 -22.597586 -22.503884 -22.385265 -22.236976 -22.052133 -21.822742 -21.538131 -21.188470 -20.759101 -20.235503
-21.732943 -21.716709 -21.693469 -21.664024 -21.625570 -21.576275 -21.513931 -21.435079 -21.335935 -21.211890 -21.057414 -20.864927 -20.625982 -20.330060 -19.966250 -19.519526
-20.662076 -20.648625 -20.629501 -20.604379 -20.571491 -20.530163 -20.478436 -20.412659 -20.329415 -20.225356 -20.095412 -19.933513 -19.732191 -19.482383 -19.173916 -18.793989
-19.655011 -19.643651 -19.627725 -19.606311 -19.579072 -19.544441 -19.499859 -19.444259 -19.374063 -19.286431 -19.176951 -19.039710 -18.869409 -18.657555 -18.395467 -18.072140
