-33.470865 -33.535221 -33.579826 -33.615100 -33.648756 -33.672061 -33.691465 -33.706213 -33.715006 -33.711195 -33.656976 -33.459777 -32.460592 -30.713184 -27.509617 -23.404308
-33.473036 -33.535306 -33.578406 -33.618062 -33.646438 -33.672470 -33.690151 -33.707534 -33.714156 -33.706512 -33.654296 -33.444209 -32.741537 -30.660139 -27.378148 -23.361236
-33.472463 -33.529302 -33.580627 -33.623022 -33.645919 -33.674651 -33.693175 -33.707649 -33.713002 -33.703735 -33.646296 -33.426086 -32.699606 -30.591209 -27.307762 -23.306624
-33.479984 -33.545568 -33.585243 -33.621528 -33.651067 -33.673518 -33.694988 -33.707332 -33.714210 -33.702727 -33.636208 -33.404275 -32.344388 -30.679962 -27.216646 -23.234360
-33.478069 -33.535381 -33.585312 -33.623402 -33.653524 -33.680173 -33.698405 -33.709622 -33.712588 -33.696737 -33.621452 -32.995444 -32.276560 -30.396094 -27.099246 -23.147214
-33.485112 -33.539256 -33.592386 -33.629142 -33.656490 -33.680859 -33.698945 -33.707982 -33.711071 -33.690021 -33.597848 -33.318262 -32.473486 -30.250804 -26.951721 -23.036048
-33.486118 -33.544261 -33.593139 -33.627943 -33.660586 -33.684542 -33.699630 -33.705210 -33.704363 -33.673487 -33.571158 -33.251209 -32.337140 -30.062182 -26.817316 -22.894021
-33.497596 -33.551488 -33.594705 -33.628951 -33.659190 -33.681780 -33.696065 -33.700521 -33.692111 -33.648032 -33.520147 -33.154212 -32.159493 -29.824597 -26.529684 -22.718929
-33.487859 -33.545668 -33.595822 -33.626752 -33.662246 -33.681905 -33.686751 -33.689350 -33.668176 -33.606918 -33.446474 -33.016766 -31.915114 -29.643301 -26.234656 -22.499012
-33.483937 -33.540604 -33.586119 -33.617044 -33.644596 -33.661684 -33.665136 -33.657906 -33.623867 -33.538507 -33.328915 -32.816191 -31.587985 -29.231263 -25.906450 -22.219430
-33.460681 -33.513845 -33.553477 -33.593697 -33.611299 -33.618365 -33.616053 -33.593809 -33.536276 -33.417683 -33.148899 -32.523704 -31.150766 -28.717857 -25.452903 -21.900584
-33.401597 -33.455266 -33.491606 -33.517797 -33.532712 -33.533093 -33.513161 -33.469542 -33.384365 -33.214151 -32.863510 -32.103837 -30.561756 -28.088273 -24.903849 -21.484635
-33.263100 -33.310731 -33.347447 -33.362083 -33.366744 -33.353448 -33.311921 -33.249151 -33.115261 -32.882965 -32.422262 -31.493297 -29.807543 -27.326831 -24.255286 -21.011785
-32.987738 -33.024479 -33.055836 -33.065515 -33.056595 -33.020202 -32.952395 -32.850151 -32.672117 -32.357153 -31.770289 -30.662986 -28.875273 -26.442589 -23.500985 -20.467287
-32.508357 -32.538652 -32.547083 -32.541376 -32.511411 -32.454293 -32.364641 -32.223681 -31.992911 -31.579569 -30.837833 -29.579795 -27.771943 -25.420752 -22.640548 -19.856728
-31.723885 -31.751189 -31.730054 -31.728217 -31.680311 -31.596224 -31.478541 -31.304523 -31.011097 -30.489475 -29.600099 -28.287664 -26.529710 -24.267099 -21.697998 -19.186832
-30.594060 -30.439185 -30.578070 -30.557355 -30.486525 -30.422132 -30.284677 -30.070998 -29.700738 -29.060294 -28.117313 -26.839737 -25.151276 -23.008100 -20.695174 -18.466530
-29.106879 -28.811654 -29.073965 -29.049521 -28.993913 -28.891904 -28.740326 -28.479691 -28.030610 -27.365239 -26.455850 -25.269513 -23.640474 -21.684778 -19.651442 -17.705561
-26.914156 -26.880489 -27.208327 -26.803520 -27.111036 -27.028116 -26.843297 -26.164575 -26.110604 -25.128071 -24.383296 -23.565576 -22.050507 -20.333292 -18.589888 -16.895452
-24.736628 -24.707338 -24.691309 -25.020003 -24.606428 -24.483280 -24.315658 -24.046950 -23.674169 -23.186540 -22.504314 -21.491169 -20.438252 -18.815471 -17.378431 -16.048061
-22.690201 -22.420612 -22.455991 -22.426483 -22.363128 -22.303795 -22.148400 -21.919967 -21.647490 -21.244107 -20.622811 -19.723711 -18.669869 -17.506368 -16.292478 -15.060140
