-33.484704 -33.540596 -33.586069 -33.624424 -33.654698 -33.674536 -33.696735 -33.708757 -33.716380 -33.709975 -33.650812 -33.403524 -32.136970 -30.344626 -28.270063 -25.995569
-33.484812 -33.545588 -33.592097 -33.627955 -33.649419 -33.676472 -33.693978 -33.712043 -33.717906 -33.706408 -33.642047 -33.382370 -32.445474 -30.312636 -28.143671 -25.979575
-33.491344 -33.545585 -33.586898 -33.627375 -33.655379 -33.681850 -33.698537 -33.709972 -33.719412 -33.703359 -33.634802 -33.354385 -32.394677 -30.269841 -28.115186 -25.958228
-33.493176 -33.544171 -33.593479 -33.628531 -33.654393 -33.680431 -33.697501 -33.711256 -33.717387 -33.698007 -33.621142 -33.320974 -31.987139 -30.446332 -28.083623 -25.933800
-33.494305 -33.551742 -33.594983 -33.630855 -33.658742 -33.680526 -33.702065 -33.711573 -33.711242 -33.693652 -33.602071 -32.880001 -31.903746 -30.164275 -28.042100 -25.900509
-33.502085 -33.551400 -33.598690 -33.634898 -33.663709 -33.679223 -33.700598 -33.709091 -33.708392 -33.682165 -33.570869 -33.195869 -32.135104 -30.086334 -27.986382 -25.855690
-33.500960 -33.555907 -33.600305 -33.636489 -33.660894 -33.685619 -33.700896 -33.703107 -33.700175 -33.660106 -33.529537 -33.101262 -32.004633 -29.991579 -27.995356 -25.793171
-33.501372 -33.555744 -33.600452 -33.626994 -33.663425 -33.684803 -33.695518 -33.698118 -33.683483 -33.627763 -33.457536 -32.966775 -31.850597 -29.874236 -27.823961 -25.718273
-33.503256 -33.557476 -33.600605 -33.633260 -33.661624 -33.677654 -33.685700 -33.678441 -33.647836 -33.566947 -33.348505 -32.798267 -31.660907 -29.887154 -27.704611 -25.623555
-33.490868 -33.544218 -33.583261 -33.616025 -33.637262 -33.654432 -33.649391 -33.634969 -33.578509 -33.460914 -33.187363 -32.589962 -31.431238 -29.676785 -27.605391 -25.523391
-33.454804 -33.506520 -33.541662 -33.576280 -33.588134 -33.583787 -33.572442 -33.531280 -33.454806 -33.301507 -32.987590 -32.337170 -31.145902 -29.407373 -27.388238 -25.330614
-33.368733 -33.401285 -33.440504 -33.459205 -33.457990 -33.454992 -33.417047 -33.366144 -33.268421 -33.088400 -32.723356 -32.004799 -30.761439 -29.059623 -27.106500 -25.144063
-33.161931 -33.197952 -33.247436 -33.247044 -33.257181 -33.242777 -33.204803 -33.136474 -33.004659 -32.769773 -32.320153 -31.505450 -30.254143 -28.600651 -26.748279 -24.874137
-32.881087 -32.925162 -32.949922 -32.958737 -32.947447 -32.912608 -32.833122 -32.724605 -32.527859 -32.198395 -31.653611 -30.797352 -29.567667 -28.025708 -26.298913 -24.531669
-32.348066 -32.350100 -32.340856 -32.324078 -32.288045 -32.213620 -32.073737 -31.921811 -31.649465 -31.237406 -30.660452 -29.827224 -28.695511 -27.310231 -25.745465 -24.116051
-31.261569 -31.246629 -31.182406 -31.171014 -31.092119 -30.979316 -30.813994 -30.622955 -30.337939 -29.945400 -29.408106 -28.668652 -27.695773 -26.494950 -25.106902 -23.615708
-29.716018 -29.462694 -29.659652 -29.612643 -29.531765 -29.455619 -29.275761 -29.098898 -28.841910 -28.509093 -28.046573 -27.451068 -26.652245 -25.620277 -24.384864 -23.009245
-28.128966 -27.848287 -28.105090 -28.025118 -27.971417 -27.903549 -27.784710 -27.619079 -27.426853 -27.153507 -26.817394 -26.327522 -25.642216 -24.714761 -23.501325 -22.026220
-26.430688 -26.427447 -26.769628 -26.364832 -26.714701 -26.637669 -26.577913 -25.986561 -26.341612 -25.592205 -25.284181 -25.295157 -23.310807 -22.144232 -21.112293 -19.967359
-25.005031 -24.947413 -24.841501 -25.027171 -24.481348 -24.250810 -23.973718 -23.810791 -23.614962 -23.352081 -23.112057 -22.774196 -23.081977 -21.835576 -21.098550 -20.455897
-23.880620 -23.232022 -23.181825 -23.156389 -23.117341 -23.083473 -23.007148 -22.932261 -22.818855 -22.663431 -22.464530 -22.188785 -21.825905 -21.368698 -20.785527 -20.053772
