-42.015163 -41.740709 -41.836128 -41.956916 -42.098872 -42.107585 -42.146752 -42.124752 -42.060295 -41.858973 -41.208742 -39.138470 -35.572178 -30.925063 -25.989799 -21.588580
-41.612103 -41.703170 -41.818641 -41.911814 -41.987399 -42.041582 -42.141606 -42.169024 -42.053073 -41.820846 -41.117360 -39.044587 -35.573237 -30.828659 -25.842393 -21.549909
-41.575556 -41.657318 -41.864002 -41.950333 -41.978283 -42.081396 -42.132814 -42.110370 -42.063322 -41.762484 -41.059924 -38.892985 -35.425453 -30.698971 -25.755011 -21.500047
-41.629313 -41.630267 -41.850040 -41.878318 -41.963655 -42.021316 -42.109918 -42.103516 -41.952693 -41.745284 -40.933360 -38.751105 -35.123590 -30.637319 -25.639373 -21.436307
-41.599954 -41.745036 -41.781433 -41.945170 -41.961824 -42.042104 -42.080383 -41.995696 -41.970476 -41.627027 -40.769551 -38.412090 -34.892154 -30.330382 -25.497239 -21.357955
-41.487951 -41.691998 -41.833256 -41.942959 -42.002125 -42.039708 -42.037094 -42.035936 -41.875741 -41.505798 -40.568929 -38.247580 -34.704183 -30.072812 -25.285716 -21.261068
-41.547281 -41.638667 -41.831498 -41.898949 -41.930056 -41.994751 -42.013710 -41.924321 -41.751755 -41.339633 -39.874230 -37.875697 -34.329897 -29.673789 -25.139258 -21.137340
-41.557637 -41.748603 -41.774637 -41.950032 -41.837658 -41.914063 -41.929327 -41.765658 -41.581216 -41.038434 -39.532522 -37.412577 -33.852234 -29.270413 -24.788704 -20.987872
-41.488831 -41.493487 -41.685279 -41.750523 -41.766779 -41.785174 -41.766508 -41.590136 -41.277662 -40.182462 -38.989513 -36.797199 -33.244283 -28.883849 -24.455400 -20.804048
-41.283282 -41.440726 -41.522065 -41.607111 -41.578892 -41.592998 -41.433112 -41.237272 -40.801308 -39.639217 -38.342521 -35.834228 -32.394688 -28.285172 -24.130984 -20.618706
-40.981319 -41.121757 -41.197781 -41.190585 -41.238840 -41.100581 -40.521754 -40.222595 -39.716887 -38.853982 -37.417280 -34.905944 -31.517800 -27.530811 -23.656395 -20.330583
-40.416455 -40.121677 -40.503002 -40.114352 -40.077498 -39.970555 -39.698135 -39.350035 -38.766381 -37.806668 -36.278629 -33.771877 -30.478118 -26.727318 -23.111022 -20.065085
-39.147696 -39.199683 -39.165386 -39.152899 -39.022980 -38.847244 -38.574755 -38.118312 -37.484525 -36.269454 -34.752463 -32.431839 -29.216898 -25.818156 -22.493842 -19.747909
-37.858242 -37.836220 -37.782396 -37.700292 -37.580789 -37.102764 -36.798080 -36.369655 -35.727227 -34.742218 -33.203669 -30.816253 -27.917863 -24.809443 -21.824036 -19.412134
-35.892956 -35.879408 -35.822371 -35.764091 -35.601304 -35.396596 -35.105085 -34.661446 -34.023034 -33.033632 -31.368271 -29.115309 -26.527274 -23.787255 -21.115300 -19.075675
-34.064808 -34.041506 -33.988756 -33.887394 -33.758540 -33.544478 -33.265266 -32.855647 -32.225334 -31.179742 -29.535838 -27.473925 -25.186206 -22.743217 -20.427672 -18.754651
-32.041388 -32.073160 -32.034489 -31.862361 -31.742861 -31.654246 -31.323091 -30.932033 -30.266666 -29.187139 -27.662213 -25.873155 -23.873473 -21.724852 -19.796121 -18.456711
-30.021439 -30.010066 -29.966687 -29.912528 -29.820851 -29.683631 -29.462081 -29.048380 -28.328893 -27.265409 -25.947674 -24.443767 -22.644879 -20.793272 -19.254506 -18.208985
-27.763470 -27.757644 -27.820504 -27.742188 -27.761260 -27.678000 -27.456970 -27.026014 -26.373429 -25.500934 -24.456638 -23.084171 -21.504612 -19.992308 -18.805927 -17.999234
-25.234660 -25.275707 -25.329989 -25.475888 -25.399699 -25.353567 -25.180696 -24.892154 -24.418737 -23.809705 -22.952536 -21.801924 -20.509507 -19.357783 -18.450748 -17.817513
-22.811517 -22.749055 -22.839234 -22.917523 -22.971977 -22.985424 -22.939520 -22.778229 -22.535330 -22.130085 -21.477911 -20.587684 -19.652930 -18.804666 -18.140162 -17.646506
