-41.586283 -41.650235 -41.883798 -42.006158 -42.038114 -42.041930 -42.128761 -42.172197 -42.092276 -41.978746 -41.369738 -39.265398 -35.163140 -30.466530 -26.747610 -23.679854
-41.488126 -41.697429 -41.806429 -41.891714 -42.062922 -42.128264 -42.158929 -42.141545 -42.092947 -41.911723 -41.319325 -39.134304 -35.215182 -30.398491 -26.644112 -23.656326
-41.580292 -41.727284 -41.781338 -41.964512 -42.583075 -42.122845 -42.160614 -42.112462 -42.094583 -41.884350 -41.249008 -39.013984 -35.059475 -30.304744 -26.592221 -23.628022
-42.018922 -41.640521 -41.851090 -41.918890 -42.070454 -42.108817 -42.166332 -42.129478 -42.083767 -41.837320 -41.147403 -38.831235 -34.685770 -30.360865 -26.531138 -23.591111
-41.523233 -41.813249 -41.816868 -41.953324 -42.065982 -42.135843 -42.124047 -42.098443 -42.034479 -41.741673 -40.541310 -38.422775 -34.434754 -30.048465 -26.450121 -23.543094
-41.551713 -41.703189 -41.829313 -41.916671 -41.986249 -42.134216 -42.106854 -42.070148 -41.934358 -41.683182 -40.786670 -38.260268 -34.318385 -29.879127 -26.348981 -23.483047
-41.540965 -41.769663 -41.808142 -41.831251 -41.958522 -42.022212 -42.026257 -42.015058 -41.907613 -41.509089 -40.083258 -37.825007 -33.818281 -29.657349 -26.318776 -23.404812
-41.515326 -41.730591 -41.826910 -41.839710 -41.893426 -41.966818 -41.997044 -41.931029 -41.777332 -41.201649 -39.663907 -37.055096 -33.398797 -29.394737 -26.058596 -23.305157
-41.495196 -41.685964 -41.720475 -41.833127 -41.908474 -41.920417 -41.812132 -41.803291 -41.511001 -40.403373 -39.114866 -36.428669 -32.902856 -29.214779 -25.857103 -23.182662
-41.331616 -41.510629 -41.624882 -41.710912 -41.736757 -41.688695 -41.597290 -41.430897 -40.541722 -39.796383 -38.370006 -35.713679 -32.319762 -28.810941 -25.693931 -23.058091
-41.130394 -41.222604 -41.306665 -41.311469 -41.334418 -41.231394 -40.616475 -40.327143 -39.832181 -38.971369 -37.196671 -34.829360 -31.604797 -28.324226 -25.377793 -22.830160
-40.054241 -40.163410 -40.528470 -40.159644 -40.071209 -39.946946 -39.726477 -39.395659 -38.866101 -37.944188 -36.119176 -33.762176 -30.758689 -27.785643 -24.991559 -22.617728
-39.094503 -39.090699 -38.738901 -39.076917 -39.012333 -38.866498 -38.627793 -38.229386 -37.324137 -36.293022 -34.662365 -32.432036 -29.742420 -27.077965 -24.528819 -22.337389
-37.519862 -37.793678 -37.725673 -37.694129 -37.266732 -37.272532 -36.681540 -36.162039 -35.409846 -34.291806 -32.785259 -30.846548 -28.628676 -26.256996 -24.004919 -21.987995
-35.349012 -35.284175 -35.168946 -35.001068 -34.792117 -34.490670 -34.117512 -33.558455 -32.834385 -31.888479 -30.661651 -29.121864 -27.327777 -25.368903 -23.383100 -21.577330
-32.328989 -32.266305 -32.166708 -31.984049 -31.780309 -31.545695 -31.203202 -30.754660 -30.206640 -29.484199 -28.555223 -27.396667 -25.994541 -24.393578 -22.714229 -21.127599
-29.452400 -29.422136 -29.371978 -29.232460 -29.096122 -28.880574 -28.630213 -28.315705 -27.911035 -27.387967 -26.710492 -25.840374 -24.741852 -23.415967 -21.994671 -20.607864
-27.148384 -27.118869 -27.071238 -26.967918 -26.856680 -26.722115 -26.560341 -26.324674 -26.030926 -25.663544 -25.168458 -24.521763 -23.639475 -22.509170 -21.209809 -19.884646
-25.487394 -25.435950 -25.496190 -25.345175 -25.366803 -25.317300 -25.195742 -24.938287 -24.905571 -24.522390 -24.189061 -23.784086 -22.508632 -21.143183 -19.956265 -18.983644
-25.274406 -25.260695 -25.334254 -25.146551 -25.385410 -25.308061 -25.204682 -24.971633 -24.631373 -24.136534 -23.498500 -22.734801 -21.612622 -20.931698 -20.009687 -19.116588
-22.713130 -23.046497 -23.004064 -22.927638 -22.850903 -22.707852 -22.563919 -22.382150 -22.137721 -21.865985 -21.516883 -21.111046 -20.652165 -20.132849 -19.582657 -19.017778
