-40.085016 -39.825399 -39.451790 -38.933294 -38.251711 -37.426551 -36.384059 -35.167221 -33.804246 -32.303470 -30.697705 -28.997191 -27.230405 -25.435705 -23.597119 -21.823753
-39.600727 -39.390365 -39.003127 -38.493712 -37.843142 -37.017233 -36.006033 -34.842840 -33.525667 -32.069363 -30.503765 -28.847919 -27.116874 -25.348310 -23.535513 -21.782607
-38.760778 -38.882379 -38.476748 -37.928536 -37.323589 -36.528304 -35.559051 -34.434076 -33.171340 -31.782485 -30.268054 -28.660982 -26.970610 -25.240042 -23.457891 -21.732188
-38.431323 -38.145203 -37.798963 -37.254831 -36.651156 -35.892855 -34.999957 -33.941611 -32.756369 -31.418156 -29.973451 -28.424776 -26.788110 -25.101550 -23.358257 -21.667320
-37.546480 -37.301916 -36.887888 -36.478151 -35.881394 -35.170882 -34.327917 -33.356572 -32.232368 -30.982572 -29.613765 -28.162013 -26.582235 -24.927300 -23.234512 -21.585348
-36.493510 -36.267253 -35.920109 -35.482151 -34.961242 -34.310959 -33.555019 -32.649015 -31.619966 -30.460152 -29.176353 -27.779180 -26.301869 -24.712931 -23.079465 -21.482259
-35.267536 -35.049479 -34.752038 -34.378910 -33.898829 -33.327831 -32.640236 -31.824253 -30.896855 -29.836014 -28.652559 -27.352593 -25.959796 -24.450988 -22.898073 -21.361758
-33.913984 -33.713971 -33.454252 -33.120019 -32.713946 -32.213963 -31.608539 -30.892480 -30.070672 -29.117472 -28.038273 -26.865454 -25.548863 -24.131154 -22.663945 -21.206451
-32.453414 -32.279540 -32.054652 -31.773362 -31.419059 -30.996806 -30.474024 -29.854907 -29.131905 -28.323434 -27.353667 -26.266616 -25.058730 -23.749245 -22.381850 -21.023498
-30.901176 -30.756369 -30.565995 -30.334506 -30.043308 -29.685232 -29.280767 -28.752724 -28.128790 -27.393616 -26.545709 -25.577654 -24.491724 -23.309701 -22.054927 -20.799331
-29.343159 -29.227050 -29.034349 -28.842965 -28.607517 -28.307181 -27.972851 -27.534311 -27.007164 -26.381292 -25.651112 -24.804126 -23.856540 -22.793304 -21.667929 -20.542674
-27.735751 -27.639162 -27.512557 -27.359023 -27.161250 -26.919278 -26.625125 -26.261708 -25.825142 -25.300340 -24.692268 -23.967536 -23.139203 -22.222201 -21.238858 -20.245760
-26.141771 -26.069020 -25.969276 -25.842006 -25.685845 -25.491733 -25.250740 -24.957529 -24.613663 -24.183997 -23.668406 -23.071830 -22.376507 -21.600962 -20.768895 -19.923036
-24.607924 -24.536421 -24.455888 -24.373259 -24.251589 -24.094266 -23.906165 -23.671088 -23.383379 -23.046196 -22.633542 -22.143809 -21.583781 -20.955652 -20.273835 -19.575380
-23.152076 -23.102885 -23.034796 -22.967008 -22.865740 -22.751868 -22.606143 -22.424666 -22.209326 -21.939814 -21.618404 -21.242723 -20.807116 -20.314464 -19.776983 -19.217096
-21.812470 -21.782835 -21.735099 -21.681246 -21.610129 -21.518907 -21.410401 -21.280004 -21.116193 -20.921035 -20.682065 -20.401029 -20.073564 -19.704727 -19.296335 -18.858417
-20.664260 -20.638029 -20.606869 -20.566947 -20.516021 -20.456784 -20.378351 -20.283533 -20.166485 -20.027160 -19.855744 -19.656064 -19.421306 -19.151000 -18.846724 -18.518464
-19.722256 -19.704464 -19.682957 -19.654614 -19.621716 -19.580871 -19.527811 -19.462193 -19.383127 -19.285552 -19.166929 -19.026178 -18.859061 -18.667396 -18.450639 -18.215177
-18.984050 -18.972579 -18.957269 -18.938477 -18.916719 -18.886433 -18.851415 -18.808443 -18.753471 -18.686985 -18.606549 -18.510658 -18.399351 -18.268046 -18.114280 -17.939387
-18.423952 -18.416747 -18.407821 -18.396026 -18.380765 -18.361638 -18.339187 -18.310091 -18.273132 -18.229368 -18.174965 -18.108656 -18.029039 -17.935573 -17.822204 -17.693648
-18.006239 -18.000501 -17.995362 -17.986462 -17.975965 -17.962809 -17.946949 -17.926405 -17.901651 -17.868052 -17.830358 -17.783789 -17.727194 -17.657272 -17.575108 -17.479619
