41.614142 41.684607 41.915010 42.033570 42.065734 42.075933 42.159053 42.206859 42.123669 42.010470 41.395595 39.277971 35.157653 30.455409 26.732311 23.618775
41.514903 41.725873 41.836616 41.920923 42.090443 42.160044 42.190100 42.171119 42.127291 41.943322 41.344678 39.145053 35.209721 30.387115 26.627559 23.594664
41.605195 41.755648 41.811267 41.992222 42.619894 42.151064 42.195646 42.147100 42.124718 41.912313 41.273549 39.023683 35.054059 30.293714 26.575665 23.565534
42.046310 41.665514 41.876799 41.946637 42.101263 42.141457 42.198481 42.162343 42.115984 41.867676 41.172086 38.840623 34.678872 30.349685 26.514371 23.527729
41.550499 41.842905 41.844919 41.983337 42.097273 42.169108 42.153522 42.130521 42.067326 41.771177 40.562009 38.429686 34.427055 30.037369 26.433296 23.478524
41.579549 41.732979 41.860114 41.944043 42.014050 42.164821 42.140399 42.103665 41.966567 41.710784 40.806261 38.266017 34.311070 29.868396 26.332019 23.416478
41.569084 41.798749 41.834844 41.862180 41.989881 42.055327 42.058324 42.044052 41.938948 41.534589 40.101640 37.828811 33.810794 29.647045 26.302532 23.335833
41.543576 41.759373 41.854068 41.870399 41.921785 41.998613 42.028537 41.961974 41.806656 41.226340 39.679572 37.058332 33.390771 29.384829 26.040862 23.232794
41.519169 41.712756 41.747569 41.865796 41.940376 41.949872 41.842544 41.832164 41.539034 40.424063 39.126197 36.428450 32.894483 29.205558 25.838913 23.106010
41.358135 41.534537 41.654136 41.739266 41.769449 41.718261 41.626136 41.455926 40.564662 39.813539 38.376289 35.711201 32.311131 28.802735 25.676683 22.978186
41.158501 41.258020 41.330946 41.339930 41.362921 41.256237 40.640558 40.348892 39.850698 38.985190 37.201436 34.825470 31.597137 28.317187 25.359539 22.739377
40.075059 40.181906 40.551388 40.181666 40.094347 39.966251 39.745297 39.413136 38.878935 37.951151 36.120261 33.757979 30.752756 27.779667 24.971106 22.517066
39.108439 39.108580 38.753585 39.091338 39.027654 38.881274 38.640260 38.239643 37.331631 36.296993 34.662348 32.429010 29.738309 27.073195 24.504139 22.218985
37.530733 37.800239 37.734613 37.702372 37.273205 37.279059 36.686351 36.168580 35.413995 34.293976 32.785703 30.845590 28.627057 26.252418 23.972384 21.839274
35.353715 35.289033 35.174117 35.007265 34.796675 34.494409 34.121088 33.562009 32.837524 31.891297 30.663925 29.123121 27.327857 25.362616 23.334302 21.381258
32.332878 32.269990 32.170446 31.988009 31.784334 31.549997 31.207387 30.758558 30.210453 29.488042 28.558643 27.399501 25.994829 24.378925 22.632642 20.858471
29.456238 29.426719 29.376237 29.236624 29.100771 28.885005 28.634637 28.320105 27.915526 27.392116 26.714220 25.842546 24.737352 23.378339 21.851481 20.215370
27.152951 27.123538 27.075739 26.972462 26.861045 26.726488 26.564589 26.328816 26.034676 25.666357 25.169285 24.517381 23.614256 22.412025 20.929631 19.215424
25.490048 25.438778 25.498868 25.347401 25.368873 25.319240 25.197341 24.939301 24.905547 24.520164 24.182400 23.748026 22.327344 20.772186 19.255536 17.764096
25.277407 25.263309 25.336453 25.147557 25.388199 25.311006 25.206196 24.971834 24.628277 24.123982 23.461989 22.651611 21.409867 20.604111 19.413396 18.054078
22.655950 23.013480 22.967983 22.890039 22.807633 22.656722 22.503907 22.312109 22.044973 21.746989 21.354813 20.883147 20.321664 19.644061 18.855579 17.937208
