42.046432 41.766102 41.863458 41.988089 42.128792 42.139113 42.176322 42.155454 42.092582 41.888524 41.231191 39.149350 35.569758 30.914898 25.958214 21.292898
41.639861 41.735387 41.844058 41.942721 42.014844 42.067623 42.172287 42.199697 42.087597 41.850078 41.139271 39.054282 35.570836 30.818388 25.807882 21.247836
41.598156 41.685696 41.892569 41.977463 42.009248 42.112297 42.165359 42.141923 42.093743 41.790023 41.081450 38.903112 35.422629 30.688712 25.718920 21.189289
41.657636 41.660137 41.882077 41.913030 41.996625 42.052714 42.142124 42.135362 41.982007 41.774007 40.956626 38.759714 35.120322 30.626844 25.600950 21.115212
41.630107 41.773924 41.810995 41.978203 41.992687 42.075314 42.109265 42.026168 42.000959 41.653734 40.789636 38.419081 34.888363 30.319991 25.455864 21.022743
41.512038 41.722313 41.859385 41.969081 42.034152 42.071149 42.069792 42.070955 41.908583 41.532362 40.589246 38.254748 34.699650 30.062379 25.240736 20.907760
41.575902 41.664966 41.860900 41.928073 41.960096 42.024539 42.045566 41.955453 41.781652 41.365600 39.890120 37.880976 34.324761 29.663367 25.091316 20.759739
41.588685 41.776930 41.803539 41.982285 41.867178 41.942464 41.959020 41.793929 41.607936 41.061163 39.546519 37.415255 33.845839 29.259798 24.729846 20.578495
41.515204 41.520831 41.718259 41.778845 41.796518 41.812187 41.794737 41.616668 41.302719 40.201542 39.000364 36.798151 33.237310 28.872601 24.384519 20.352752
41.312941 41.464153 41.548149 41.636733 41.603067 41.622071 41.459870 41.260731 40.822844 39.654299 38.350585 35.834541 32.387104 28.273021 24.047746 20.125834
41.006160 41.150507 41.221902 41.217843 41.262759 41.127046 40.543107 40.241865 39.735291 38.865539 37.422074 34.903594 31.509337 27.514583 23.549244 19.749268
40.431623 40.143041 40.525268 40.136984 40.096600 39.987379 39.714136 39.364870 38.777601 37.814709 36.280014 33.768179 30.468847 26.701853 22.968620 19.400198
39.160949 39.214959 39.184163 39.166057 39.037113 38.860701 38.587426 38.128509 37.493096 36.273957 34.751770 32.426040 29.206962 25.776847 22.300922 18.951159
37.864961 37.844523 37.790307 37.710975 37.587618 37.111357 36.806304 36.376819 35.731902 34.743712 33.201291 30.809463 27.904193 24.743572 21.554478 18.448350
35.900015 35.884390 35.828519 35.770414 35.606682 35.402112 35.109426 34.665483 34.025019 33.033410 31.364515 29.107107 26.496566 23.679949 20.730748 17.907202
34.068033 34.047449 33.992880 33.892158 33.762940 33.547871 33.268383 32.858136 32.226354 31.177796 29.530499 27.458421 25.126712 22.567564 19.875360 17.345880
32.043742 32.075736 32.037483 31.864814 31.745610 31.656724 31.325196 30.933585 30.266579 29.183911 27.651952 25.832221 23.769767 21.439111 19.013050 16.772373
30.024069 30.013179 29.969196 29.915718 29.824158 29.686363 29.464137 29.049379 28.327621 27.257062 25.915301 24.366047 22.463526 20.335479 18.196449 16.243962
27.766000 27.760431 27.823560 27.744842 27.764078 27.680841 27.458535 27.025699 26.364608 25.473466 24.393172 22.944305 21.195865 19.292851 17.448504 15.748301
25.235012 25.276288 25.331066 25.477461 25.400977 25.354305 25.177283 24.877572 24.382058 23.740325 22.825339 21.551408 19.988631 18.363772 16.775733 15.272433
22.747703 22.682795 22.779448 22.863395 22.919813 22.930499 22.873204 22.690697 22.414782 21.961516 21.203476 20.119535 18.824020 17.456863 16.099446 14.771291
