40.121832 39.848982 39.477405 38.954400 38.273044 37.443256 36.399457 35.179377 33.815346 32.312317 30.705736 29.003869 27.236610 25.439663 23.582159 21.709542
39.626127 39.414138 39.026696 38.516164 37.862792 37.033091 36.020390 34.855141 33.536049 32.078347 30.511197 28.854691 27.123024 25.352198 23.518961 21.664263
38.788593 38.905326 38.498763 37.946741 37.339320 36.543918 35.572264 34.446491 33.181077 31.791503 30.275680 28.667490 26.976814 25.243585 23.439241 21.608396
38.450291 38.163029 37.815197 37.271057 36.668224 35.908075 35.012219 33.953049 32.765920 31.426753 29.980584 28.431667 26.794090 25.104638 23.336993 21.536004
37.566998 37.320234 36.903532 36.493205 35.897581 35.183763 34.339419 33.367588 32.241788 30.990685 29.620953 28.168414 26.588306 24.929750 23.209524 21.444205
36.506036 36.280156 35.934439 35.494996 34.972333 34.323068 33.565449 32.658556 31.628738 30.467585 29.183257 27.785593 26.307572 24.714146 23.048797 21.328579
35.281048 35.062665 34.762971 34.390203 33.909860 33.337754 32.649184 31.832902 30.904812 29.843289 28.659268 27.358851 25.964921 24.450212 22.859708 21.191468
33.923288 33.725544 33.465721 33.129251 32.723223 32.222598 31.616963 30.900684 30.078455 29.124197 28.045026 26.871536 25.553366 24.126627 22.614551 21.012144
32.462900 32.289963 32.062617 31.781392 31.427529 31.004684 30.481451 29.862131 29.138807 28.329891 27.359874 26.272468 25.061911 23.738161 22.315981 20.796503
30.909268 30.763505 30.573686 30.342482 30.050266 29.692560 29.287774 28.759472 28.135240 27.400072 26.551739 25.582391 24.491356 23.287871 21.963868 20.527564
29.349563 29.232809 29.041474 28.849841 28.614291 28.314376 27.979234 27.540716 27.013120 26.387376 25.656055 24.806244 23.847679 22.750868 21.538612 20.208159
27.742010 27.645603 27.518785 27.365182 27.167595 26.925378 26.631097 26.267742 25.830274 25.304347 24.693804 23.960922 23.111728 22.145478 21.050857 19.826011
26.147939 26.074487 25.974593 25.847304 25.690782 25.496063 25.254594 24.960413 24.614505 24.180707 23.655830 23.041679 22.310380 21.463839 20.490636 19.385865
24.608638 24.536760 24.455748 24.371918 24.248722 24.089915 23.898465 23.658847 23.363832 23.015464 22.582952 22.061162 21.444755 20.716608 19.863159 18.881041
23.125097 23.074165 23.003916 22.932365 22.827109 22.707655 22.554615 22.362368 22.131671 21.839236 21.484045 21.054956 20.536446 19.915567 19.179889 18.316801
21.699365 21.666158 21.613621 21.553565 21.473828 21.371565 21.248676 21.098140 20.907529 20.673825 20.383424 20.028901 19.596337 19.074125 18.446664 17.699937
20.360664 20.327885 20.289910 20.239015 20.175400 20.099004 19.999541 19.875348 19.720839 19.532166 19.294663 19.003798 18.646459 18.209139 17.680666 17.043249
19.100108 19.074683 19.043370 19.002813 18.952884 18.888860 18.809543 18.708602 18.584624 18.428827 18.236759 17.998426 17.703227 17.341176 16.898110 16.359855
17.924890 17.905228 17.878183 17.846692 17.806279 17.753476 17.689933 17.608313 17.507041 17.380595 17.223218 17.026885 16.785103 16.485240 16.115983 15.659952
16.839835 16.823619 16.803117 16.775222 16.740160 16.700941 16.647930 16.581925 16.498426 16.395646 16.265154 16.103911 15.901697 15.652765 15.344184 14.964509
15.840689 15.826606 15.812403 15.789643 15.761043 15.727211 15.683004 15.628172 15.559286 15.472523 15.365609 15.231853 15.065204 14.858132 14.602146 14.286435
